PIVlab by W.Th. & E.J.S., ASCII chart output - synthetic example
FRAME: 5, filenames: A: wet_5.png & B: wet_6.png, conversion factor xy (px -> m): 0.0005, conversion factor uv (px/frame -> m/s): 0.005
x [m],y [m],u [m/s],v [m/s]
0.010000,0.010000,0.004,0
0.010000,0.020000,0.0035,0
0.010000,0.030000,0.003,0
0.010000,0.040000,0.0025,0
0.010000,0.050000,0.002,0
0.010000,0.060000,0.0015,0
0.010000,0.070000,0.001,0
0.010000,0.080000,0.0005,0
0.010000,0.090000,0,0
0.020000,0.010000,0.004,0
0.020000,0.020000,0.0035,0
0.020000,0.030000,0.003,0
0.020000,0.040000,0.0025,0
0.020000,0.050000,0.002,0
0.020000,0.060000,0.0015,0
0.020000,0.070000,0.001,0
0.020000,0.080000,0.0005,0
0.020000,0.090000,0,0
0.030000,0.010000,0.004,0
0.030000,0.020000,0.0035,0
0.030000,0.030000,0.003,0
0.030000,0.040000,0.0025,0
0.030000,0.050000,0.002,0
0.030000,0.060000,0.0015,0
0.030000,0.070000,0.001,0
0.030000,0.080000,0.0005,0
0.030000,0.090000,0,0
0.040000,0.010000,0.004,0
0.040000,0.020000,0.0035,0
0.040000,0.030000,0.003,0
0.040000,0.040000,0.0025,0
0.040000,0.050000,0.002,0
0.040000,0.060000,0.0015,0
0.040000,0.070000,0.001,0
0.040000,0.080000,0.0005,0
0.040000,0.090000,0,0
0.050000,0.010000,0.004,0
0.050000,0.020000,0.0035,0
0.050000,0.030000,0.003,0
0.050000,0.040000,0.0025,0
0.050000,0.050000,0.002,0
0.050000,0.060000,0.0015,0
0.050000,0.070000,0.001,0
0.050000,0.080000,0.0005,0
0.050000,0.090000,0,0
0.060000,0.010000,0.004,0
0.060000,0.020000,0.0035,0
0.060000,0.030000,0.003,0
0.060000,0.040000,0.0025,0
0.060000,0.050000,0.002,0
0.060000,0.060000,0.0015,0
0.060000,0.070000,0.001,0
0.060000,0.080000,0.0005,0
0.060000,0.090000,0,0
0.070000,0.010000,0.004,0
0.070000,0.020000,0.0035,0
0.070000,0.030000,0.003,0
0.070000,0.040000,0.0025,0
0.070000,0.050000,0.002,0
0.070000,0.060000,0.0015,0
0.070000,0.070000,0.001,0
0.070000,0.080000,0.0005,0
0.070000,0.090000,0,0
0.080000,0.010000,0.004,0
0.080000,0.020000,0.0035,0
0.080000,0.030000,0.003,0
0.080000,0.040000,0.0025,0
0.080000,0.050000,0.002,0
0.080000,0.060000,0.0015,0
0.080000,0.070000,0.001,0
0.080000,0.080000,0.0005,0
0.080000,0.090000,0,0
0.090000,0.010000,0.004,0
0.090000,0.020000,0.0035,0
0.090000,0.030000,0.003,0
0.090000,0.040000,0.0025,0
0.090000,0.050000,0.002,0
0.090000,0.060000,0.0015,0
0.090000,0.070000,0.001,0
0.090000,0.080000,0.0005,0
0.090000,0.090000,0,0
0.100000,0.010000,0.004,0
0.100000,0.020000,0.0035,0
0.100000,0.030000,0.003,0
0.100000,0.040000,0.0025,0
0.100000,0.050000,0.002,0
0.100000,0.060000,0.0015,0
0.100000,0.070000,0.001,0
0.100000,0.080000,0.0005,0
0.100000,0.090000,0,0
0.110000,0.010000,0.004,0
0.110000,0.020000,0.0035,0
0.110000,0.030000,0.003,0
0.110000,0.040000,0.0025,0
0.110000,0.050000,0.002,0
0.110000,0.060000,0.0015,0
0.110000,0.070000,0.001,0
0.110000,0.080000,0.0005,0
0.110000,0.090000,0,0
0.120000,0.010000,0.004,0
0.120000,0.020000,0.0035,0
0.120000,0.030000,0.003,0
0.120000,0.040000,0.0025,0
0.120000,0.050000,0.002,0
0.120000,0.060000,0.0015,0
0.120000,0.070000,0.001,0
0.120000,0.080000,0.0005,0
0.120000,0.090000,0,0
0.130000,0.010000,0.004,0
0.130000,0.020000,0.0035,0
0.130000,0.030000,0.003,0
0.130000,0.040000,0.0025,0
0.130000,0.050000,0.002,0
0.130000,0.060000,0.0015,0
0.130000,0.070000,0.001,0
0.130000,0.080000,0.0005,0
0.130000,0.090000,0,0
